# this table contains the average non-synonymous length of a codon
# this value is necessary to calculate the length normalised Tajima's pi (division by the length of a sequence)
# this table has been automatically created using a transversion penalty of: 1
GCC: 2
AGT: 2.66666666666667
TGA: 2.66666666666667
TGT: 2.66666666666667
CGA: 1.66666666666667
ATC: 2.33333333333333
AAC: 2.66666666666667
AGC: 2.66666666666667
TAC: 2.66666666666667
TCG: 2
ACA: 2
CCG: 2
CTG: 1.66666666666667
GCA: 2
AAG: 2.66666666666667
GTG: 2
CAC: 2.66666666666667
GTT: 2
AGA: 2.33333333333333
ACC: 2
CCA: 2
TGG: 3
CGC: 2
CTC: 2
TTG: 2.33333333333333
TAA: 2.33333333333333
CAG: 2.66666666666667
ACG: 2
AAA: 2.66666666666667
ATG: 3
GTA: 2
CTT: 2
TAG: 2.66666666666667
GGA: 2
GTC: 2
TGC: 2.66666666666667
TCA: 2
ATT: 2.33333333333333
TAT: 2.66666666666667
AAT: 2.66666666666667
ACT: 2
CAA: 2.66666666666667
GAC: 2.66666666666667
GGT: 2
TCC: 2
TTT: 2.66666666666667
AGG: 2.33333333333333
CGT: 2
ATA: 2.33333333333333
CAT: 2.66666666666667
CGG: 1.66666666666667
CCC: 2
GGG: 2
TTA: 2.33333333333333
GAG: 2.66666666666667
CTA: 1.66666666666667
GAT: 2.66666666666667
TCT: 2
TTC: 2.66666666666667
GCG: 2
GGC: 2
GCT: 2
GAA: 2.66666666666667
CCT: 2
